89.3779171793722
91.3218378112651
117.325003911974
143.811803130666
138.312641805969
121.087831335608
138.816854126053
99.8990164708812
94.5330169762019
89.6275855030399
95.7797920296434
95.3134991670959
122.629207912832
106.027719242265
109.808434287552
126.066764415009
115.743867387064
98.4637572953943
119.29571379791
92.5753062963486
136.445404354017
130.340241583763
109.763594676042
115.735651445575
126.366418906255
105.608600500273
140.362999015488
92.7953834587242
132.646344822133
111.236069820588
139.694101274945
137.112542041577
101.720735491253
89.2668912187219
118.550240616314
139.852926041931
118.122950911056
119.373958518263
112.155156796798
145.621286772657
100.632968916325
95.0171531026717
109.651972814463
149.7347986768
146.45153573365
107.586165025132
149.9102882843
148.159927473171
105.809010843514
145.408108849078
117.453278491739
144.129322799854
94.0741896512918
86.9734722934663
124.340132462094
115.364011819474
130.618732413277
96.6655743715819
147.695272002602
90.2211374545004
142.291283782106
94.6242897480261
90.674996774178
142.798181099351
98.7496436072979
139.345237035304
88.020174340345
103.113178954227
109.410010310821
138.03026315989
131.297847429523
129.736752184108
146.504538605222
97.8584266791586
108.159637317294
112.216750418302
125.083154829917
142.89242060273
105.32094747643
118.777900468558
109.768606887665
134.419658768456
137.322875258978
87.8880784881767
88.3777045609895
128.274559603306
112.8517534805
148.33828465431
142.509737717919
148.459016634151
109.448579531163
107.240690285107
116.136565281777
96.8028632411733
115.401771734469
89.2002733540721
147.156622268958
106.367009930545
105.774226967478
138.219580075238
143.727484791307
142.371903721942
116.671138720121
137.208224964561
96.503224686021
140.946423738496
89.057492116699
121.179554071277
139.409803532762
108.443462878931
110.78059482621
147.954143563984
86.8281992897391
112.311309551587
128.291130824946
120.229100232245
104.664679929847
121.909965737723
131.149049401283
133.542958864709
137.910812378395
112.013646390988
88.5504741966724
106.01309733931
99.6470061014406
99.4345779914875
142.54781593103
135.565329691162
102.337606215151
107.057487578131
120.007330408553
114.496136637172
115.77159217908
146.62559631397
133.283909191377
125.65463187173
142.2035622166
112.186955977231
90.9167366567999
144.711953941733
133.522387032863
133.410277372459
127.902896913001
130.037238833029
86.3616668863688
141.312700770795
142.277977038175
113.659719711868
122.804234026698
99.2739038809668
131.108317079488
127.201215147506
98.0561609542929
106.806751203258
103.537083473057
105.701091119554
92.5017066672444
101.478177555837
117.450371721061
111.032311232993
149.750308264047
136.553838739637
121.14249764476
98.9028203533962
108.943947061198
144.352874121396
134.608611151343
93.4449167572893
132.101380490931
113.998758494854
87.9148225823883
96.3401308469474
92.0889474102296
96.957229685504
133.154834946617
99.3655582261272
105.510560094845
132.253643673612
130.494056605967
98.1023914099205
