122.131729709192
125.571482916665
118.452832207769
105.936204640086
113.46637067288
92.9408361524466
109.548689369448
138.622470591863
113.637404313152
141.297575582652
119.581692114272
130.882961254933
117.279288663483
112.525362709854
107.99122885996
127.80580296421
137.997681278943
129.025709842763
134.056363857044
123.691732447063
138.665563754279
87.8385380563259
126.053543296076
176.954135696046
139.923107403312
93.5272369309815
121.322396863986
133.074316385074
128.534389693768
134.19228760031
128.873683214112
137.370935589244
136.622579286211
122.002823136026
147.865818925729
144.323340044342
112.837607596071
116.363423912689
124.370238659718
128.244217250708
86.2391916903882
119.272096133472
124.592245654023
87.2241297619233
138.048342712519
134.554825624477
100.991590730657
112.711710177467
96.8787319448088
94.2450865647083
123.788548010857
69.0764299813034
99.0577318714601
86.437356711576
92.660420733207
121.32410577509
119.051659760899
110.297051775345
84.5947419107494
173.887129421499
108.777043612776
107.494737679404
107.674177568644
109.181624415903
123.519092547274
83.4374869727694
103.518458627263
96.9292866691234
137.380189660141
131.965037473338
95.2628697922937
124.048070110219
125.921191804368
124.347989429656
144.322589530452
131.027920587953
119.312275057519
134.896366064111
137.449248322464
105.174223185649
113.772059991627
145.091154465496
134.656280575138
121.908151179451
116.768367401276
143.536262556599
102.793179932492
112.105951202721
111.86260684413
135.417682156979
136.17170421416
135.143848247835
104.539835162519
144.756056341174
131.907799742506
131.726341168984
125.91881774228
128.742760908613
121.869084901735
153.158677389385
99.9734847028959
130.329541067876
114.915107264716
149.449985504705
98.4839671779515
104.726992422792
112.398481872997
119.370335929757
151.931935550201
109.512374358735
94.260354998761
110.672839780327
79.5560867162051
98.4874891982794
109.431632494567
124.240603832551
135.734136007198
119.45038684305
111.122549976913
125.085689774048
104.974449486609
129.155774224571
156.095107818051
127.891104031993
114.005193880046
147.688135176259
128.417147916042
97.1234698924005
93.9645580532303
113.848317208883
159.139302877593
114.498980260122
98.4555741920669
126.6318801904
158.825117278828
116.4882184729
141.75819746897
97.7186178331377
119.849588783866
130.746125366385
144.003917903035
106.756915587852
112.189558321398
85.3239186918025
85.3136374587575
133.564541143719
165.405028581891
111.45122165839
142.600464053363
88.4202358749523
97.9789579078661
98.7877849509459
140.332438381447
130.693968325943
128.270754303389
113.602345994025
154.57462493815
125.180314755184
89.2340338725204
119.426477758143
106.841870389895
117.224584924786
90.3938500390935
110.72366728994
163.569808127985
92.265518200649
162.602545447846
145.772587515886
126.21539058817
119.121037312214
179.098811596677
96.8840038139952
150.616322767259
147.500763172621
100.037758235263
102.830516919514
100.23313004755
137.070767550479
118.261237340643
137.394349236069
145.371122885574
123.666428767161
170.101624322862
86.9791055272142
112.434338895676
94.9720662665869
116.470714005712
108.21359173495
106.342851542107
118.795830398144
124.2401672902
100.119637692989
123.69756416473
134.103357820148
134.156832486453
106.115832342474
99.793171550481
110.214108040669
139.488027760091
133.392707829695
201.694772203673
200.886454382611
193.654653386544
224.691844359494
236.816968805751
165.363785918782
195.644413154097
221.871885074077
181.866643210321
192.920082504449
190.208041809997
192.265894154198
182.116343603508
197.053309117278
206.48543433399
201.182416612592
209.719793276058
204.886111788444
188.429399110723
190.146095110185
186.092099699068
189.973730412874
236.890564978045
211.714900212921
208.294686642201
220.426788535697
196.489379135514
191.059621550629
181.757340192491
185.108661564452
191.817617972828
192.93245139335
196.079659676769
198.133351864322
177.952882094415
193.703634144767
202.352705924106
214.63400241131
210.240955536411
163.071847404328
201.529503433173
184.8201133868
187.571080537182
200.286960765
220.972331161697
188.889569434014
187.46046414661
222.346847748939
195.065284419501
219.616027466872
198.66457050128
187.964385117819
203.435374844716
192.632691048239
201.671208673808
217.44087394261
201.720106574435
209.999042084682
181.993775789961
189.528395394032
181.728024058035
206.020345898576
187.174585053384
190.754596115335
215.922532460007
201.843825776283
185.033081213842
214.645609817732
232.248568047033
202.742997672849
198.24861278417
188.592974117043
211.496230853025
213.828856824973
190.121694381046
223.570371662761
189.581194551668
193.4237191156
210.0996477986
212.714823989487
180.654209916036
178.086374680527
211.970958383987
213.595333012957
185.112641638366
195.724596925049
191.946495258725
189.352669558532
205.6208894235
183.866328823568
201.14039083677
227.456437582813
207.469026058313
200.424177535128
192.421026157451
196.75850224898
208.491686571238
187.552457661743
216.910838632968
223.857651887046
186.880197196088
199.979261966364
196.465445473027
179.683703322778
208.074718218759
223.491288097422
193.123461542198
189.823239116275
202.412764308528
229.550393331627
203.412936021839
202.192043999863
205.728825866851
210.008433989745
197.6143809767
202.041903289597
208.214578439444
175.933966374688
213.308965348825
219.833298424602
166.352725390481
194.599633325186
198.139188115005
200.325635926225
202.46374477662
205.783550807719
198.010189831979
222.140907284019
209.242439483779
205.537092352001
224.798747131509
188.626004080873
189.990774463581
232.334739269333
194.693944085139
182.758748986021
195.872135355763
189.962201797743
232.053631931235
178.903112818284
194.812922650836
212.510772231366
213.784551991436
174.374691659147
181.70841331162
171.523099705516
228.649769386777
216.285293126218
213.571794670656
170.975461611047
