2.63611156772822
9.51626018011823
0.389024443924427
0.128573551560403
0.963899589143693
4.4418836997164
0.575636378489435
7.68214813222118
5.73977667999394
2.16868508468295
1.86667069513701
4.18217122910729
1.0901303132996
1.12685416918248
0.959869942655026
12.0030559966888
1.16015015356243
3.80195786431432
0.463541194796562
6.29250180509813
4.67649163963859
10.0634040201904
2.10282875876874
17.2447745382728
8.29920838189252
0.22557707503438
11.6424967194523
4.69049195920057
3.45574602559939
1.81530479116316
3.35214065853506
0.0113939971845761
1.64780353009701
11.2318714293267
24.8204858029697
1.50588501803577
3.6608476024121
1.45641693100333
0.416812167818988
10.8288517727418
8.56364531764641
2.25866495445371
0.334055836312473
25.5458864480035
7.91875877774142
4.20709767353661
15.8792794227489
0.217895292676985
2.91891583004635
3.07204512599856
1.34958817251027
2.82271002419293
0.932829961180687
0.549583168700337
4.25671666276581
1.51187339400021
13.7413008093723
2.36782878264785
3.93061310984194
8.13271383357175
5.62353260231145
0.401225205071338
5.70150302139051
7.44819012631602
7.97100786094494
2.91134904976934
2.30415058415383
0.33942972868681
4.24575338487454
12.35089057261
14.045471023012
2.9424206558615
5.94690390092261
0.917686530388892
1.28649595566094
1.56070244518761
7.36213727270193
3.64847131446004
0.914664444954811
3.81401020847261
20.8126464808796
2.63644582405686
8.09295031961925
1.18598305620253
3.22003247961402
1.17182035278529
14.3450544876688
4.6834786867065
5.79248884295054
6.1784449459327
13.4729203611501
16.288113477815
10.861972040924
3.4103537471965
10.7578804599668
5.11724786993988
0.36333972774446
1.76310183573514
5.14110516359038
8.11030531276889
3.02863796800375
29.2936959658801
5.74451037234726
0.378960116766393
15.2936324730404
10.201569684018
4.08694734424353
5.9546047011283
5.07370947089918
8.79892734879249
1.6369579480961
3.53191583231091
3.0151369292289
18.3894329657009
9.26551030525818
1.9606304523095
1.80520405154675
11.116540621462
2.31262999679893
0.329678884305121
9.36751091429844
0.671324498224296
2.04318278096616
2.07580945346049
0.645085863769054
5.38219338925379
12.430786024275
3.35944485291839
24.7986331308696
0.878953920054981
3.82484442181885
0.864357447155747
5.82468836526486
5.6861631774617
8.64520280917445
5.7558320944685
8.15581198942788
0.0926744118332863
7.18077479836471
0.982837283983827
11.288732304665
1.69385141882289
5.12511176031954
35.6760126630169
0.135132039897144
1.24359233673889
2.48399924766272
4.11724856961519
11.6535747120704
2.19798415526748
0.707156611606479
5.1911563185203
1.76996585862904
4.69222936567791
4.55367409226425
2.04246869310737
14.8665978430621
1.39096626001106
0.743548879930364
0.981143550015986
6.06529380569603
3.17901920713484
4.6785337229437
7.55392360475786
18.8592006852081
3.98435080144554
1.64733633454567
6.8269582649035
3.68766586482525
1.24658025149256
11.3534619542386
2.35001246072352
13.1878699839004
0.342364772222936
0.667071497104861
4.94111489851899
5.79923017817027
19.7005846551724
29.43536130535
3.11592050383253
21.9963086272094
18.1790149201801
6.70834244948752
15.1852092251071
2.87725990824401
0.682500592432916
10.8785455450969
4.80050956633299
3.23465007072722
0.0645052436739206
4.41643606751073
4.34946875807769
4.90498337276227
3.23671322409064
2.45244620740414
8.6104952644237
3.96749958422641
9.64537165263548
0.596300312317908
0.182183233089745
6.98713191387184
0.726106844635671
4.53551133510597
4.78201598309243
0.920024114660919
9.12388295700383
0.40381421148777
0.914419174530875
2.57693663891405
19.5555555214336
4.37041913116737
10.2106630163814
1.2993041574955
1.81322138983886
10.4310124994572
7.69894414742418
1.58822567481548
8.813640167695
3.87821032802039
13.7644820466527
2.52375078387558
11.0184726540848
14.92989974135
8.00848104220755
3.29122078232467
6.65967578415699
1.57172725908458
2.30758863128722
3.93550673592836
1.16945104021579
1.23855423275381
1.26634249902438
6.85364279684551
12.0385263110127
7.10796862629183
38.8492111131216
0.390367450317757
4.07298940045713
2.15782278310508
24.7168585682724
6.43316196438797
1.6959024220705
1.04634719900787
23.4956462595546
12.0308185587253
0.258610116371979
6.22623947625885
2.92427918594331
2.4948218672895
11.865636281165
