1.79595917454901
2.11222262113335
0.123943934217095
2.97843667382443
3.90475574864035
0.935987870635446
8.2141262698443
5.91615085270176
1.62489300204619
0.12321044652471
3.33278587071185
1.48682667306604
0.0263615550220268
3.36626464625263
0.318104632198811
0.419736265759778
1.36272122804075
1.89198253854158
1.00159696537217
0.701797318644822
6.73704498972664
0.0751132723435426
3.28365616483574
4.55529150405326
2.72414742215517
0.780467610806227
1.51106099866142
0.871853159740567
3.43077305232675
1.46343960690996
1.56986277355793
1.02610446512699
3.08967403678184
0.362940983305908
0.237135428524918
1.71058681593013
0.886511506512761
6.91827294196854
3.0331147213675
1.31876016687602
3.33512561271259
1.00356370024383
1.52132462329211
0.197817512787879
0.117506496608257
0.258462727069855
1.92916694461348
3.23692321388011
0.169577384367585
0.918155902065337
0.093470671379933
0.84336244314909
1.11760882660747
2.59472969165983
5.15950725574918
1.5350445396358
0.2272221557796
3.74598262814765
2.33331626459005
0.0853962105300796
1.25239523127675
3.35679471475964
2.66459470420125
1.55488247021355
1.7282196971679
0.265427942005544
0.124784359708428
7.72016073801816
2.05940252534094
0.997550277039409
1.5767085700387
1.66529254339451
3.75617975352292
1.30219734925777
7.92471326473069
0.387496119365096
1.22436612658203
1.82158911033514
0.494510713964701
3.08089246410572
0.659499363761007
0.503839471468971
3.32112150161036
2.39060230358484
1.29621059820056
2.24118655166569
2.36215494750979
1.55670379115814
0.244495135731995
1.22679433040321
0.940316773951054
2.24633800416234
0.115602564997971
6.65993353690872
1.69481329052689
0.331061635166407
0.186257813125849
4.51129065056272
0.572365578014207
6.08613991703758
0.457239017821848
0.94993972562744
1.56095420001986
1.85601480855587
2.29879040892733
0.0111301578581333
0.0466515282168984
1.9270886517221
1.34816082473844
0.00945843696830493
1.19860024284571
1.45701069003882
0.524537142366171
2.67608301519396
2.71679311237278
2.02520445142498
2.24009633428397
1.82585861074831
4.45072183923846
2.80981248594357
0.936160589568317
0.837608021683991
8.06683815601182
4.43748127099351
2.36886877744439
6.32144799794922
0.279137453995645
1.65284898944335
3.85728458948488
0.766682255304772
1.60715673110428
1.22330375015736
0.128048329527262
2.69182866617086
1.05789945274591
0.237852305356903
0.0968131721019745
1.72191907084527
2.00805422096493
1.35264722071588
2.13985350905898
7.50394800816387
0.478309926576912
0.838194573298097
1.29903334099799
0.565171146753414
4.80393473406262
3.71862469969277
0.797852872870862
0.993276379071176
5.51456728924937
2.84645728377585
0.67515114392936
0.719922138378024
2.57132441728356
1.37624701019377
2.07966130218449
1.24955520499498
4.5585661565227
1.28326533455402
7.05332754137826
1.31538827624172
1.96611510581317
0.786502112424825
5.47944598247237
0.387899851426482
0.486241089383554
4.724248128176
1.87620100556853
0.147346942685544
2.057992586782
0.449067638380939
3.19066766260152
0.24645421084657
0.401531645917314
1.3770256889984
2.77693999414123
1.75483953571858
8.10716287377191
2.931223957016
2.71298379442635
0.740888993255794
0.295455950761357
0.100743330907295
0.121712354756173
4.11655130220537
2.81250556169038
2.80639614520555
3.41734639165883
2.30497066295686
0.377554430451774
1.92807010366561
1.40857665791156
0.1747234351933
0.676987047381474
1.83406964183742
0.33991275891738
4.92098848869033
0.285899374379167
1.31329238414764
1.22175955027342
0.624662488698959
0.94713999889791
2.28951618439498
1.11167993966587
1.64685521572966
3.33553846163635
2.27642361438813
2.09573228802106
1.26684843655676
0.208918945863843
0.640221402742945
0.0244758231565356
1.81760232700946
0.125033489428461
3.35633236606765
0.126324929802822
14.3130258056171
0.47494556568563
0.568295380322314
1.88276457964423
3.38672811521177
2.1709146722311
2.53869157648625
3.74453343806748
0.950301861390471
2.3169529660696
0.568196455948055
5.27845547695584
0.313151402398944
0.911560537293553
1.87807659065875
2.04730899996104
1.61368059595824
6.06741698800017
1.76579494393411
0.815162083134055
0.221170353128467
0.471904660575092
3.94066664559727
