419.252310705808
485.324044263338
425.1682320115
609.669962314241
567.605819728922
656.989433961427
510.47559028088
492.728157583205
578.066955803379
448.067701238595
507.927516664467
527.20162931071
404.529578922812
550.693919273348
493.129426132738
485.849702751382
403.686910950653
456.828144866719
461.00462895189
420.894304247684
602.430724957429
518.544565931866
379.365535258445
451.942917302419
576.263773991653
675.03241452451
501.625616088093
471.684326035228
581.383126232
474.478465846381
524.626964127812
536.706315042147
402.542912508971
437.345765620821
515.936450713882
503.599875806998
568.832529210118
538.512599722623
505.707509478884
473.672552772686
580.844950672743
426.606590920747
558.396071265049
578.906676263064
510.32995543668
402.944775140641
564.759884931369
441.461701518338
582.595104117097
493.924255275258
518.241845731325
425.942433645751
481.856368959832
449.398732630451
499.868476381131
519.94740257507
513.376929515949
670.634452760742
541.574626919579
537.84143166746
449.332522818228
372.350519911945
566.214432119457
432.694992181497
556.755585876503
427.369088694921
534.630845994181
441.107054720401
641.201271658822
483.59718732424
535.957547211876
540.051737513581
423.326967789726
456.740645211771
468.45479550024
596.711531740114
450.401617083052
580.188304690403
591.720238863953
522.809904645644
411.905162278958
492.866141631595
439.441190984975
343.495453068591
446.879329793233
482.604537913313
524.466510335114
407.083621676933
590.347387173081
606.878099521232
473.517747387254
496.019054871968
440.672082398426
426.352924909053
537.839463104574
448.298771501853
586.549438860912
453.609181167511
502.300293626148
552.876088306106
499.673453584534
444.644901778076
564.219619188838
554.634765148908
438.417198555063
442.198798669136
434.73865687141
510.398523155408
484.17179881735
483.355868885215
551.131377967598
562.733633719493
507.637683626834
393.672575375392
447.729624796987
520.909985378571
445.065563419248
473.18489007075
521.996090312546
579.640393620653
478.878062290215
505.701935894041
465.081115795621
556.304480929636
490.858204132498
608.141247214425
485.387704990292
417.265304176491
609.130385752075
547.310465327547
560.098378919421
447.133636160084
424.234824699273
490.805520825169
522.784699317741
479.054435289788
429.066985326599
558.070298932352
393.783151810496
513.531599773861
547.290159301238
542.918845301494
520.105802523278
583.984815277351
441.7578401883
483.579411412467
513.387380330983
517.995683271199
490.601490413506
483.397394465726
444.636993000762
448.846709285025
510.86521026677
571.542154020656
552.609448018899
541.280146736148
490.971993861096
371.552799760365
529.228108265653
527.516470437542
580.353336899214
511.713894773625
479.01550205495
586.131199980213
527.843133242509
504.561506496296
412.381162601796
486.697757138427
379.409419452595
423.22877909317
576.912041476162
458.811424636912
410.022147523495
455.91279322324
544.461505888395
481.97522514605
608.794272947606
517.629329257871
483.524929450824
511.079351441635
454.129211617021
541.852310564145
603.695715105106
519.655712250149
530.164227453003
556.474254306562
518.040060602647
556.101457555209
392.118628333311
396.479865060119
408.782959386062
500.925779480339
468.919927821025
551.869343614721
524.433944799472
509.258697514247
568.997899599834
491.054092026542
476.529572967223
422.740210824523
429.520520262577
503.313922730722
559.945953012332
523.504910212527
501.223616894824
444.095998327418
610.478114376069
479.4426023495
467.807623940134
471.711469798615
444.202237189172
564.919564055473
509.940036113587
515.85414294965
575.30291204066
451.962870449592
461.165913387809
439.135732416272
435.41422629257
468.320798114006
415.864432442229
513.475760162338
579.351026630666
499.066921987474
540.803788058727
476.15337090168
485.30175485894
592.146081241732
453.801279265226
470.422703278662
485.700832693222
542.030457450404
527.247965470024
535.028375833479
482.580370799149
610.142799284627
503.991051556822
591.860219307057
505.870772627344
411.683815894634
467.302490014775
526.340525501917
632.367369473218
529.759807524019
405.753873092434
343.003091808349
486.358063186884
551.161670389685
454.178472938684
481.805720367018
538.366890876757
491.414948725765
476.159150800332
461.897777650603
600.402952114698
474.257139295676
513.009061989868
518.033885406973
575.220767294488
529.317245118566
568.314559956565
424.539904916867
465.351576167809
380.885643020237
519.089912327849
538.67786343411
446.964049654595
522.010509900085
654.49397056829
611.711400629142
492.150576264793
549.718235265335
467.816410391334
457.840208829022
518.127332103631
497.442846601232
562.531660049676
483.782742066248
535.697000289691
437.948501331042
492.657956660637
572.833167919379
533.141936381508
485.770374517615
585.712110549782
539.5463019139
500.364236896688
434.409079981956
478.413387144306
530.115581517283
501.207855206432
525.187928819438
510.664104093536
568.417314496172
544.090372900181
599.105274073735
354.576875930734
570.632578717449
474.928385303703
405.822044542268
406.093768883255
488.151903045747
451.722032207951
415.483329623416
402.309079830591
497.000774202735
533.537661740781
512.032410155436
465.810098125909
564.253302073572
481.77429774257
446.336179367274
598.344281776067
322.04246557003
552.483411784345
581.887696910252
514.950165687946
493.326869190667
515.834003303358
537.884473461276
